06  009  072
10  009  072
06  031  018
07  031  056
06  031  056
006  031  096
06  031  096
06  007  095
04  010  136
08  003  216
10  020  072
04  010  121
10  010  089
06  031  156
07  031  192
06  028  005
06  028  185
06  028  080
01  034  180
01  034  019
01  034  181
11  006  080
06  007  118
0001  001  001
01  001  001
08  007  003
08  005  163
10  010  086
01  018  008
02  031  116
10  010  076
01  002  022
08  031  052
0001  001  004
06  031  197
08  003  005
04  010  042
04  021  067
06  031  031
06  016  006
06  031  055
01  001  007
06  008  197
06  028  053
10  017  211
04  021  042
10  010  211
08  005  186
07  028  118
06  031  037
04  010  068
04  021  073
04  021  108
06  028  146
10  017  022
11  015  070
08  005  009
08  003  094
01  001  127
01  011  099
08  005  193
08  005  105
01  001  215
11  003  015
006  031  173
04  010  129
10  010  129
06  031  138
06  025  165
06  031  028
10  012  010
06  031  154
004  021  108
08  005  187
001  002  022
0001  002  024
04  010  111
02  002  016
06  028  091
06  007  163
01  002  024
06  028  105
06  028  013
06  031  013
08  031  098
06  022  022
06  022  010
10  009  136
06  022  182
11  015  012
08  003  015
08  005  112
01  034  005
06  028  163
01  018  114
01  004  194
0001  001  005
06  022  065
06  031  017
07  031  017
06  028  189
10  010  072
08  033  021
07  031  018
0001  002  022
06  028  017
0001  034  019
08  005  029
06  014  020
08  005  034
06  007  119
11  028  025
08  005  184
08  003  043
10  017  191
01  004  083
06  022  157
04  010  108
10  010  023
06  014  190
07  014  190
11  033  021
11  015  011
06  028  153
02  034  019
06  031  212
11  025  078
06  028  025
06  031  098
11  019  132
08  003  070
08  003  061
0001  034  181
0001  034  180
10  017  148
10  010  042
06  014  179
08  031  212
06  008  138
08  033  193
06  007  035
06  031  032
01  029  192
11  025  088
06  014  151
06  028  029
06  007  165
06  031  030
0001  001  049
06  031  116
06  016  145
04  010  137
0010  009  072
01  001  149
08  031  063
08  028  060
06  031  141
01  029  048
11  015  054
11  015  061
10  027  040
06  031  045
05  021  073
08  005  151
11  024  063
01  004  072
01  001  038
06  014  039
0008  033  0
06  028  044
07  031  028
11  023  027
08  005  046
08  023  163
07  031  045
06  028  083
06  030  182
08  005  041
06  031  153
11  023  118
01  034  047
06  031  173
01  001  004
06  031  062
04  021  107
11  008  061
06  031  052
04  010  013
11  023  163
08  005  059
11  019  118
01  004  050
06  007  072
11  008  045
06  028  002
01  001  049
07  019  026
06  016  051
06  031  119
06  007  206
06  028  056
01  011  162
06  031  029
04  021  188
06  014  120
06  028  204
08  033  088
08  003  052
06  008  095
08  008  070
06  030  066
01  018  170
11  023  063
08  003  062
01  001  122
10  010  061
10  010  174
11  028  060
08  028  193
11  026  163
10  009  129
04  010  081
04  021  068
004  021  068
04  010  072
001  002  024
05  010  136
01  034  134
04  021  071
11  008  098
10  010  113
01  011  008
06  031  075
10  010  081
10  009  061
08  033  168
11  023  082
,006  031  030
10  010  108
06  016  093
06  028  206
06  031  084
07  031  084
06  028  208
08  005  090
11  013  087
06  014  171
08  005  165
,010  010  031
10  020  089
11  013  201
08  008  098
         
11  026  092
06  007  207
01  004  205
10  010  097
06  030  072
06  007  100
08  005  100
04  021  174
04  009  136
10  010  121
01  001  160
01  001  101
08  023  151
11  015  072
11  025  163
06  031  011
11  014  151
06  031  070
11  033  104
07  019  132
06  005  083
11  033  027
06  007  106
06  031  146
04  010  167
06  016  161
07  016  145
06  030  026
06  023  105
06  016  209
07  031  205
07  031  110
06  031  110
04  010  113
08  018  170
08  003  143
0004  010  113
06  006  048
02  018  114
01  001  115
04  021  069
07  031  116
08  005  117
06  003  116
08  003  116
10  010  136
11  024  163
04  010  157
04  010  211
11  019  175
07  019  120
05  010  121
08  031  156
01  031  194
01  031  205
06  031  205
10  009  108
08  031  105
02  034  181
02  034  180
05  010  211
06  007  184
06  031  131
06  028  124
01  001  125
08  005  177
06  006  185
06  031  126
01  001  074
06  005  105
01  029  001
06  016  128
07  031  131
04  021  061
08  003  135
08  005  133
01  004  077
11  013  163
08  005  168
07  014  072
06  028  151
11  023  142
11  025  142
06  031  150
09  003  143
06  028  145
04  010  148
06  007  145
08  005  145
07  014  151
08  005  147
07  031  150
01  001  005
08  007  102
06  005  152
11  025  165
0011  013  161
06  005  151
06  031  005
11  019  164
06  014  155
06  028  066
01  001  166
11  026  178
06  028  018
06  007  185
11  013  161
01  001  158
08  031  146
07  028  146
10  009  183
11  026  139
07  031  013
04  010  089
07  014  171
01  004  024
06  019  185
10  010  111
11  013  172
07  014  037
07  023  175
08  028  151
0001  001  176
07  023  163
07  014  179
01  001  176
01  034  038
01  034  008
10  009  022
10  010  167
10  009  211
08  028  185
06  023  184
06  019  118
05  010  072
006  007  206
11  023  165
08  005  061
10  017  183
10  010  057
01  004  022
